0.0
0.05263157894736842
0.10526315789473684
0.15789473684210525
0.21052631578947367
0.2631578947368421
0.3157894736842105
0.3684210526315789
0.42105263157894735
0.47368421052631576
0.5263157894736842
0.5789473684210527
0.631578947368421
0.6842105263157895
0.7368421052631579
0.7894736842105263
0.8421052631578947
0.8947368421052632
0.9473684210526315
1.0
1.0526315789473684
1.5235457063711912
1.994459833795014
2.4653739612188366
2.936288088642659
3.407202216066482
3.8781163434903045
4.349030470914127
4.81994459833795
5.2908587257617725
5.761772853185596
6.232686980609419
6.703601108033241
7.174515235457064
7.645429362880886
8.11634349030471
8.587257617728532
9.058171745152354
9.529085872576177
10.0
