0.0
0.017543859649122806
0.03508771929824561
0.05263157894736842
0.07017543859649122
0.08771929824561403
0.10526315789473684
0.12280701754385964
0.14035087719298245
0.15789473684210525
0.17543859649122806
0.19298245614035087
0.21052631578947367
0.22807017543859648
0.24561403508771928
0.2631578947368421
0.2807017543859649
0.2982456140350877
0.3157894736842105
0.3333333333333333
0.3508771929824561
0.8587257617728532
1.3665743305632503
1.8744228993536474
2.3822714681440442
2.8901200369344413
3.3979686057248384
3.9058171745152355
4.413665743305632
4.921514312096029
5.429362880886426
5.937211449676823
6.44506001846722
6.9529085872576175
7.460757156048015
7.968605724838412
8.476454293628809
8.984302862419206
9.492151431209603
10.0
